1
0 0 0 0 0 0 0 0 0 0 -1 1 0 1 0 
0 0 0 0 0 0 0 0 0 0 -1 1 1 1 1 
0 0 0 0 0 0 0 0 0 1 -1 -1 -1 1 0 
0 0 0 0 0 0 0 0 0 0 1 -1 1 -1 1 
0 0 0 0 0 0 0 0 0 0 -1 -1 1 -1 -1 
0 0 0 0 0 0 0 0 0 1 -1 1 -1 0 0 
0 0 0 0 0 0 0 0 0 0 -1 0 0 0 0 
0 0 0 0 0 0 0 0 0 0 0 0 0 0 0 
0 0 0 0 0 0 0 0 0 0 0 0 0 0 0 
0 0 0 0 0 0 0 0 0 0 0 0 0 0 0 
0 0 0 0 0 0 0 0 0 0 0 0 0 0 0 
0 0 0 0 0 0 0 0 0 0 0 0 0 0 0 
0 0 0 0 0 0 0 0 0 0 0 0 0 0 0 
0 0 0 0 0 0 0 0 0 0 0 0 0 0 0 
0 0 0 0 0 0 0 0 0 0 0 0 0 0 0 
asd
14 0  2 0
COMPUTER
14 2 0 0
PVC