0
0 1 0 0 0 0 0 0 0 0 0 0 0 0 0 
0 -1 0 0 0 0 0 0 0 0 0 0 0 0 0 
0 0 1 -1 0 0 0 0 0 0 0 0 0 0 0 
0 0 0 1 0 0 0 0 0 0 0 0 0 0 0 
0 0 0 0 -1 0 0 0 0 0 -1 0 0 0 0 
0 0 0 0 0 1 0 0 0 -1 1 0 0 0 0 
0 0 0 0 0 0 -1 1 0 1 1 0 0 0 0 
0 0 0 0 0 0 0 0 -1 0 -1 0 0 0 0 
0 0 0 0 0 0 0 0 0 1 -1 0 0 0 0 
0 0 0 0 0 0 0 0 0 0 1 0 0 0 0 
0 0 0 0 0 0 0 0 0 0 0 0 -1 0 0 
0 0 0 0 0 0 0 0 0 0 0 0 0 0 0 
0 0 0 0 0 0 0 0 0 0 0 0 0 0 0 
0 0 0 0 0 0 0 0 0 0 0 0 0 0 0 
0 0 0 0 0 0 0 0 0 0 0 0 0 0 0 
asd
10 0 0 0
asd
10 0 0 0
PVP