1
0 0 0 0 0 0 0 0 0 0 0 0 0 0 0 
0 0 0 0 0 0 0 0 0 0 0 0 0 0 0 
0 0 0 -1 0 0 0 0 0 -1 0 0 0 0 0 
0 0 0 0 1 0 1 1 1 0 0 0 0 0 0 
0 0 0 0 0 1 -1 1 0 0 0 0 0 0 0 
0 0 0 0 0 -1 1 0 0 0 0 0 0 0 0 
0 0 0 0 -1 1 1 1 -1 0 0 0 0 0 0 
0 0 1 -1 -1 -1 -1 1 -1 0 0 0 0 0 0 
0 0 0 0 0 0 0 0 0 0 0 0 0 0 0 
0 0 0 0 0 0 0 0 0 0 0 0 0 0 0 
0 0 0 0 0 0 0 0 0 0 0 0 0 0 0 
0 0 0 0 0 0 0 0 0 0 0 0 0 0 0 
0 0 0 0 0 0 0 0 0 0 0 0 0 0 0 
0 0 0 0 0 0 0 0 0 0 0 0 0 0 0 
0 0 0 0 0 0 0 0 0 0 0 0 0 0 0 
trunghiw
11 0 1 0
COMPUTER
12 1 0 0
PVC