0 0 0 0 0 0 0 0 0 0 0 0 0 0 0 
0 0 0 0 0 0 0 0 0 0 1 0 0 0 0 
0 0 0 0 0 0 0 0 0 -1 0 -1 0 0 0 
0 0 -1 1 0 0 0 0 1 0 0 -1 1 0 0 
0 0 0 0 -1 0 0 0 -1 0 0 0 1 0 0 
0 0 0 0 1 -1 0 0 0 1 -1 0 0 -1 0 
0 0 0 0 0 0 0 0 0 1 0 0 1 0 0 
0 1 0 0 0 0 1 0 0 -1 0 -1 0 0 0 
-1 1 0 0 0 -1 0 1 0 0 0 0 1 0 0 
0 0 -1 0 0 0 1 -1 0 0 0 0 0 -1 0 
0 1 0 0 -1 0 0 0 0 0 0 -1 0 1 0 
0 0 0 1 0 1 0 0 0 0 1 1 0 -1 0 
0 0 -1 0 0 -1 1 0 0 -1 0 0 0 0 0 
0 0 0 0 0 0 0 -1 1 0 0 0 0 0 0 
0 0 0 0 0 0 0 0 0 0 0 0 0 0 0 
hieu
23 3  0 0
ha
23 0 3 0
PVP