1
-1 1 -1 1 -1 1 -1 1 -1 1 -1 1 -1 1 -1 
1 -1 1 -1 1 -1 1 -1 1 -1 1 -1 1 -1 1 
-1 1 -1 1 -1 1 -1 1 -1 1 -1 1 -1 1 -1 
-1 1 -1 1 -1 1 -1 1 -1 1 -1 1 -1 1 1 
1 -1 1 -1 1 -1 1 -1 1 -1 1 -1 1 -1 1 
-1 1 -1 1 -1 1 -1 1 -1 1 -1 1 -1 1 -1 
-1 1 -1 1 -1 1 -1 1 -1 1 -1 1 -1 1 -1 
-1 1 -1 1 -1 1 -1 1 -1 1 -1 1 -1 1 -1 
1 -1 1 -1 1 -1 1 -1 1 -1 1 -1 1 -1 1 
-1 1 -1 1 -1 1 -1 1 -1 1 -1 1 -1 1 -1 
1 1 -1 1 -1 1 -1 1 -1 1 -1 1 -1 1 -1 
1 -1 1 -1 1 -1 1 -1 1 -1 1 -1 1 -1 1 
0 -1 1 -1 1 -1 1 -1 1 -1 1 -1 1 -1 1 
-1 1 -1 1 -1 1 -1 1 -1 1 -1 1 -1 1 -1 
1 -1 1 -1 1 -1 1 -1 1 -1 1 -1 1 -1 1 
d
112 0 0 0
as
112 0 0 0
PVP