0 0 0 0 0 0 0 0 0 0 0 0 0 0 0 
0 -1 0 0 0 0 0 0 0 0 0 0 0 0 0 
0 1 -1 0 0 0 0 0 0 0 0 0 0 0 0 
0 0 1 -1 0 0 0 0 0 0 0 -1 0 0 0 
0 0 1 0 1 0 0 0 0 0 0 1 1 0 0 
0 -1 0 0 0 -1 0 0 0 1 -1 0 -1 0 0 
1 -1 0 0 0 0 1 0 -1 0 0 0 1 0 0 
0 0 1 0 0 0 -1 1 0 0 0 1 -1 0 0 
0 -1 0 0 0 0 0 0 0 0 0 -1 0 0 0 
1 0 0 0 0 0 0 0 0 -1 1 0 0 0 0 
-1 0 0 0 0 0 0 0 0 1 0 0 0 0 0 
1 -1 0 0 0 0 0 1 -1 0 0 0 0 0 0 
0 0 1 0 0 0 0 -1 0 0 0 0 0 0 0 
0 0 -1 1 0 -1 1 0 0 0 0 0 0 0 0 
0 0 0 0 -1 1 0 0 0 0 0 0 0 0 0 
hieu
22 3  0 0
phan
22 0 3 0
